Project A
			-8000		-8000	  -8000	    -8000
Y1	4000		3704	  3636.4	  3571.6
y2	4000		3429	  3305.6	  3188.8
y3	2000		1588	  1502.6	  1423.6
y4	1000		735	     683	     635.5
y5	500		  340	    310.45	   283.7
y6	500		  315	    282.25	    253.3
					
					
	  4000		  2111	  1720.3	  1356.5
					
Project B					
			    -8000	    -8000	    -8000
y1	1000		925.9	    909.1	    892.9
y2	2000		1714.6	  1652.8	  1594.4
y3	4000		3175.2	  3005.2	  2847.2
y4	3000		2205	    2049	    1906.5
y5	9000		6125.4	  5588.1	  5106.6
y6	-6000		-3781.2	  -3387	    -3039.6
					
			      2364.9	  1817.2	    1308
					
Project C					
					
			      -10000	  -10000	  -10000
y1	2000		1851.8	  1818.2	  1785.8
y2	2000		1714.6	  1652.8	  1594.4
y3	6000		4762.8	  4507.8	  4270.8
y4	2000		1470	    1366	    1271
y5	2000		1361.2	  1241.8	  1134.8
y6	2000		1260.4	  1129	    1013.2
					
			      2420.8	  1715.6	  1070

Task 2
Payback Period
	150000					
y1	4000	22000	18000		132000	
y2	6000	29000	23000		109000	
y3	7500	38000	30500		78500	
y4	10500	50000	39500		39000	
y5	13000	61000	48000		Year 5 estimated payback period	-9000
h6	16000	68000	52000			
h7	18000	75000	57000	
			-150000
	75000	193000	188000			

Return of investment			118000/7 = 16857		
			16857/150000 x 100 = 11.23%		

NPV Calculaions
				5%
	150000			
y1	4000	22000	  18000	  17143.2
y2	6000	29000	  23000	  20861
y3	7500	38000	  30500	  26345.9
y4	10500	50000	  39500	  32496.65
y5	13000	61000	  48000	  37608
h6	16000	68000	  52000	  38802.4
h7	18000	75000	  57000	  40509.9
		-150000  -150000  -150000
Total	75000	193000	  118000  63767.05
				
			NPV	63767


